0
1
1
1
1
2
2
4
5
5
6
6
6
8
9
9
9
10
10
12
12
14
15
16
17
18
18
19
19
20
21
25
27
28
28
29
30
31
31
31
32
32
32
32
32
33
34
35
35
35
36
36
37
38
39
39
40
40
41
41
44
45
46
46
47
48
48
49
49
49
50
52
53
54
54
55
55
55
55
55
56
56
57
59
59
60
60
60
62
62
63
66
68
70
71
71
72
73
74
74
74
75
76
79
79
79
81
83
83
83
84
86
87
87
89
91
94
95
96
97
99
99
100
102
103
104
106
106
107
108
109
111
111
112
112
115
117
117
118
119
119
119
120
121
121
121
122
124
124
124
125
126
126
129
129
129
130
130
130
130
131
134
137
137
139
139
142
142
142
143
144
145
145
145
146
147
147
147
147
147
147
149
151
151
153
154
154
155
155
157
158
159
161
162
162
163
163
165
165
166
167
169
170
171
171
172
172
173
174
175
175
176
177
177
180
181
181
182
182
183
184
185
186
187
189
190
192
193
195
195
196
196
196
196
197
197
197
197
198
199
199
200
200
201
203
204
204
205
205
206
208
209
211
211
212
213
214
216
217
218
219
219
222
223
224
224
224
225
225
226
228
231
232
232
235
236
237
239
242
243
244
245
245
248
248
248
249
251
252
253
253
255
256
256
256
259
260
262
263
263
264
265
266
267
267
269
270
271
272
272
273
273
274
275
275
276
277
277
279
279
282
282
284
285
285
287
289
290
290
292
294
295
296
298
299
299
301
301
303
303
304
304
305
305
306
306
307
307
308
308
308
311
311
311
312
313
313
315
319
319
320
321
321
322
324
324
324
325
325
326
327
329
330
330
330
331
332
336
337
338
339
340
340
340
341
348
349
350
350
352
352
352
353
353
354
354
354
355
356
357
357
358
361
361
363
363
366
366
367
368
370
370
371
372
372
373
373
375
377
379
380
381
382
383
384
385
386
386
387
387
387
388
389
390
393
393
393
394
395
398
398
399
402
402
403
407
407
409
411
412
412
412
413
416
416
417
417
419
419
419
420
421
422
422
423
424
424
425
426
427
427
428
430
430
431
431
431
432
432
432
432
435
435
435
436
436
437
440
441
441
441
442
443
444
444
447
447
448
448
450
450
451
452
452
452
452
456
457
457
459
460
460
461
461
466
467
467
467
468
468
469
470
470
471
471
474
474
475
477
477
477
477
478
478
478
480
481
483
483
483
483
484
486
487
488
490
490
491
491
491
492
493
494
495
496
496
496
497
498
498
498
500
504
508
510
511
515
517
517
518
519
520
521
521
521
521
522
522
522
523
523
524
525
527
527
528
529
531
531
533
534
535
537
538
538
539
543
544
544
546
547
547
548
549
550
550
550
551
552
553
555
558
558
559
560
561
563
564
566
566
568
570
570
571
571
572
573
573
575
576
577
579
579
579
580
581
581
582
583
585
587
589
589
590
590
591
592
592
593
593
595
595
595
595
595
601
604
606
610
611
611
611
611
612
613
614
617
619
621
621
623
626
627
627
629
629
632
633
633
634
634
638
638
639
639
640
640
642
642
643
643
645
646
648
649
651
651
653
655
655
655
656
657
658
658
659
659
659
660
662
664
666
667
667
668
668
668
668
669
670
671
671
672
673
674
676
679
679
680
680
683
685
685
686
686
688
688
689
690
690
691
693
693
694
695
696
697
697
698
700
701
705
705
707
707
708
709
711
711
711
713
714
714
716
716
717
719
719
721
724
725
726
726
726
727
727
727
728
729
729
729
731
736
738
738
739
739
741
742
743
743
743
745
745
745
747
749
751
752
756
757
758
758
759
760
761
761
761
763
763
764
765
765
766
767
769
770
771
771
772
777
777
778
779
779
785
785
785
788
788
790
790
790
792
794
795
797
797
797
798
800
801
801
803
805
805
805
808
809
812
812
813
815
819
820
821
821
822
822
822
822
824
825
825
826
827
827
828
829
835
835
839
839
839
840
841
841
842
843
845
845
846
847
849
853
855
857
858
858
859
859
861
862
862
862
864
866
866
867
872
872
875
876
879
880
882
882
883
888
888
889
891
898
899
901
902
905
906
907
907
908
909
912
914
916
917
918
920
920
920
920
921
922
922
923
923
924
925
925
926
928
930
931
932
932
933
934
934
934
934
934
935
937
939
940
940
941
942
942
943
945
948
952
952
952
955
958
960
964
964
964
966
967
968
969
969
969
969
971
971
972
974
974
975
978
978
980
981
983
983
986
988
990
990
991
992
992
995
996
997
