220
142
698
572
663
895
274
631
71
288
420
45
763
1
246
683
48
417
557
188
864
128
69
727
846
953
352
500
317
134
238
686
671
747
905
71
425
475
478
283
853
646
908
300
357
157
496
189
69
870
281
3
420
246
223
695
545
24
90
906
512
153
218
626
200
725
631
406
905
444
362
409
622
677
269
195
405
311
908
114
128
805
968
583
528
976
688
287
606
841
111
507
905
872
558
176
812
782
155
724
577
826
513
957
923
400
633
52
383
628
647
673
27
3
47
80
909
69
127
641
533
333
330
474
114
816
863
845
633
448
62
183
940
102
728
517
220
395
704
944
321
466
823
194
223
14
792
868
573
740
675
275
223
204
240
985
315
441
6
785
449
823
44
429
249
892
478
270
108
809
290
892
274
849
12
861
91
687
781
858
553
71
464
821
493
513
171
967
440
341
276
470
699
297
100
584
787
275
501
36
831
290
775
199
581
999
269
232
134
695
965
180
376
610
780
496
548
85
823
300
709
100
221
283
949
37
864
786
384
528
950
754
292
110
115
383
75
67
849
249
246
15
600
922
651
568
905
693
456
50
203
672
98
703
808
457
948
829
748
388
102
328
445
945
312
310
371
976
881
607
953
702
240
923
316
234
684
617
329
388
0
627
897
191
876
535
735
603
573
698
535
760
553
283
611
40
47
965
444
987
140
162
516
494
319
987
784
963
600
832
486
674
295
805
590
774
799
975
173
185
827
27
582
748
375
462
218
322
629
507
542
915
23
620
416
647
78
610
45
962
78
216
809
756
903
134
74
24
710
269
710
44
159
706
614
214
226
806
39
188
521
609
245
531
721
383
4
89
768
492
980
303
493
442
143
222
513
735
922
825
148
128
193
138
885
714
136
974
524
982
53
148
374
830
441
560
445
467
101
542
26
99
513
74
40
170
337
37
470
282
601
273
738
192
416
273
970
332
23
116
976
586
446
94
493
439
120
741
699
609
205
428
415
996
203
370
465
671
915
488
510
963
627
746
594
33
112
903
38
874
990
216
306
619
611
503
307
595
116
291
211
950
816
962
886
39
654
241
212
672
137
36
759
581
619
570
119
624
753
326
369
215
55
328
4
273
145
759
904
222
304
179
796
88
109
533
250
126
837
485
811
99
471
463
261
713
32
353
477
133
750
227
102
63
879
256
845
678
121
99
758
282
193
118
758
27
735
850
770
242
298
439
546
13
61
192
454
233
637
652
380
926
988
135
827
156
161
551
624
887
82
874
267
562
868
572
425
965
812
531
833
143
424
603
726
468
585
766
166
579
566
566
37
296
822
962
259
267
442
245
161
890
511
548
955
678
250
217
149
500
668
780
481
149
174
543
418
387
598
574
142
751
267
886
944
678
286
734
503
528
367
384
565
340
836
703
997
751
309
747
572
958
835
181
149
144
348
782
241
889
927
387
994
49
553
675
618
965
678
591
56
573
154
494
172
824
747
297
491
996
911
334
823
63
318
697
662
309
584
588
309
555
601
354
510
808
284
745
336
244
180
55
601
866
862
587
873
857
616
143
398
659
967
901
855
476
802
140
497
125
359
978
286
367
63
212
614
717
423
126
665
7
769
231
678
434
120
153
106
417
754
429
862
553
225
378
844
783
967
705
319
901
256
448
67
975
25
339
878
708
36
862
188
942
305
134
751
73
934
964
280
619
473
725
621
786
807
390
259
503
440
168
125
978
635
982
894
485
137
230
531
806
501
210
784
398
178
99
673
938
346
3
616
34
28
185
396
297
611
362
383
88
53
218
361
998
756
101
704
674
257
230
931
598
297
709
820
661
458
373
687
685
508
274
95
377
616
610
974
530
168
411
198
920
374
391
597
166
925
16
992
248
715
62
882
439
480
375
687
210
153
313
957
803
673
726
722
347
700
647
322
547
588
930
506
44
650
75
60
251
549
950
536
579
517
833
520
781
944
182
595
191
9
601
37
75
404
588
788
519
626
326
336
655
549
792
394
973
862
568
634
319
876
137
141
502
937
228
168
841
421
379
246
681
246
90
875
853
104
837
78
454
533
528
766
251
574
357
178
612
934
751
324
736
464
501
839
249
659
319
804
666
220
226
836
687
22
221
538
45
281
401
666
326
446
774
284
30
21
994
464
542
261
356
59
431
504
771
743
989
105
819
527
603
17
202
641
149
440
548
814
70
749
752
912
293
920
172
689
990
355
554
672
326
447
289
159
633
966
629
195
345
169
760
364
295
270
2
169
673
867
268
819
967
428
311
198
184
656
479
699
421
83
108
188
140
565
514
598
130
455
770
92
82
157
87
727
952
331
601
480
324
82
167
853
278
344
251
139
963
359
295
422
448
83
268
952
883
896
900
474
751
621
105
352
425
374
593
420
76
337
718
389
570
339
674
346
641
299
19
693
847
938
605
889
961
807
332
657
119
662
168
73
146
746
294
385
262
600
185
638
742
54
291
738
73
626
66
910
195
998
16
783
664
510
242
723
207
544
142
818
610
823
420
541
270
157
274
156
150
288
623
496
315
298
6
388
164
341
739
753
706
920
655
620
965
133
417
265
412
425
758
648
254
280
343
944
106
23
933
387
372
633
573
764
465
513
296
492
104
152
198
533
910
448
829
967
967
605
725
187
952
154
985
707
676
405
531
2
736
878
171
353
80
766
287
73
421
663
339
959
349
139
864
35
432
743
182
815
820
926
76
609
911
540
847
517
162
42
165
564
6
566
373
292
154
29
400
240
713
872
799
984
757
380
208
169
138
68
839
446
338
303
826
513
262
701
645
685
672
980
71
130
329
773
406
791
140
765
392
207
434
309
349
257
912
899
350
295
723
528
936
955
533
155
378
330
220
857
426
780
91
208
660
125
944
758
676
398
249
461
391
837
976
985
618
24
268
922
787
368
706
331
92
139
346
103
522
89
825
69
928
187
502
457
986
833
123
146
14
215
624
138
374
851
763
481
508
813
7
887
129
530
114
995
410
877
387
506
688
738
946
240
692
52
920
134
217
720
442
613
530
103
603
229
432
157
579
15
408
119
713
965
578
312
331
875
739
803
194
399
159
615
484
577
214
279
23
647
111
117
34
461
342
474
192
638
303
322
713
320
450
519
426
4
973
371
244
168
941
48
504
555
66
980
379
660
2
323
161
78
332
805
600
43
523
234
592
740
778
502
279
25
987
346
592
591
536
285
99
909
828
561
982
953
186
951
925
376
781
397
875
988
394
156
136
549
424
312
405
117
87
44
694
71
646
430
321
783
74
286
648
971
756
780
430
513
410
833
656
452
552
474
166
136
662
468
677
535
346
190
959
295
48
212
668
974
274
151
716
48
777
734
467
803
771
433
378
894
214
323
199
721
271
342
913
24
143
692
81
872
605
578
452
534
327
867
480
613
729
177
483
123
207
641
700
959
456
274
286
695
985
240
10
852
170
20
712
829
965
434
772
265
792
268
546
302
969
54
971
919
86
670
322
155
785
207
785
298
352
75
750
986
956
328
786
560
964
815
304
462
833
897
943
262
186
17
97
7
664
477
12
453
435
816
803
294
568
963
463
54
7
369
90
45
214
982
841
194
582
317
149
781
367
262
143
248
79
398
363
62
690
431
42
556
80
84
750
629
674
889
508
766
720
241
32
357
491
458
736
413
236
880
378
845
771
43
165
183
511
478
797
23
699
930
800
469
605
975
331
458
660
88
48
78
271
269
494
143
366
201
648
714
351
613
520
453
894
675
154
867
267
611
254
982
199
580
110
947
72
2
971
551
665
325
987
945
188
320
60
35
800
44
263
433
631
709
301
612
432
510
30
938
352
440
315
436
75
441
45
906
768
445
226
885
947
751
520
424
215
283
249
935
601
210
829
748
202
57
910
1
936
763
536
136
782
365
962
362
856
902
31
782
984
397
589
905
874
701
412
678
640
334
36
151
961
578
420
671
527
368
403
307
862
833
982
516
583
281
106
468
391
802
262
906
763
652
746
738
197
845
988
913
702
144
271
733
184
154
148
528
963
371
831
417
253
982
444
969
474
164
595
876
176
636
28
389
365
348
313
509
517
565
135
969
388
671
529
200
689
392
421
13
202
557
379
636
268
655
565
222
711
218
202
708
821
494
387
713
326
856
575
285
79
104
515
466
432
896
313
14
276
342
210
393
95
438
164
796
973
423
79
113
770
201
898
559
784
918
961
932
402
830
747
343
978
97
611
924
317
87
269
844
595
977
317
776
299
78
28
141
490
514
225
784
874
628
791
171
904
307
932
204
92
215
974
428
157
629
476
640
5
7
762
828
408
921
310
577
426
773
421
657
117
280
334
218
727
773
714
818
400
250
51
1000
382
449
597
493
208
114
927
282
474
235
562
578
125
929
322
581
832
366
783
265
472
788
773
767
312
461
902
448
342
458
99
890
532
257
625
697
835
418
141
92
916
315
634
384
741
935
50
149
152
464
219
362
80
170
203
828
301
543
786
219
178
34
158
22
490
653
733
408
326
797
65
152
538
608
874
534
628
474
754
745
974
487
236
550
53
748
121
636
168
360
727
760
207
1
136
647
13
141
790
994
145
101
679
380
763
761
845
260
539
795
461
611
631
557
804
903
620
759
50
796
815
810
489
906
106
509
506
324
544
47
598
705
77
164
585
536
27
387
775
738
79
475
559
154
470
876
555
701
649
567
82
221
681
807
294
962
671
626
245
720
538
658
889
586
286
413
360
690
248
916
883
139
966
545
675
562
322
140
55
167
863
664
605
931
693
500
34
442
542
75
688
335
198
343
60
832
50
194
204
277
356
800
996
318
296
895
56
860
232
335
803
262
361
989
836
987
255
383
796
539
273
179
202
250
210
701
443
637
28
718
87
312
233
986
399
864
549
333
193
442
790
731
223
885
97
343
759
85
523
913
799
973
1
707
457
381
270
883
828
875
993
906
276
380
306
500
576
40
521
326
195
13
271
829
677
408
135
184
456
498
132
99
258
611
246
84
682
483
30
62
876
416
567
13
867
435
951
71
676
114
186
467
413
117
495
946
451
678
186
623
508
70
731
712
524
61
108
334
141
153
416
907
239
814
490
480
254
214
557
243
248
31
836
264
290
402
231
894
239
213
811
426
593
485
451
805
875
135
602
662
458
561
102
635
709
87
409
401
866
85
998
849
834
471
407
357
570
823
530
35
723
539
419
223
685
1
905
192
53
116
587
665
230
715
717
226
533
468
557
997
225
992
627
948
846
55
953
303
292
441
390
229
188
117
66
92
322
248
453
978
938
229
305
862
942
463
162
947
98
654
15
143
356
450
75
890
156
143
374
786
326
894
355
885
652
357
657
972
78
160
469
20
131
173
586
366
582
493
828
83
783
554
514
108
644
82
194
840
305
506
217
672
46
653
656
639
322
400
476
721
824
516
278
733
374
116
163
5
703
331
845
420
833
546
893
77
240
84
313
929
763
445
616
426
919
299
534
478
282
861
924
325
522
930
483
757
867
170
96
941
420
78
566
556
225
686
109
629
863
226
777
839
461
145
79
964
708
455
511
821
73
766
514
954
908
119
432
550
476
651
349
780
884
675
620
583
333
766
235
730
789
648
411
274
202
322
765
59
744
377
57
699
699
673
612
637
276
852
429
65
1
878
473
259
337
901
852
617
200
49
459
740
334
60
789
700
516
103
413
143
123
631
394
842
33
22
490
62
488
994
789
808
171
317
931
505
792
107
857
327
593
478
80
201
906
223
232
130
595
354
880
832
302
624
488
533
414
786
480
837
967
782
838
244
646
968
237
827
823
18
974
611
681
994
783
255
412
529
278
812
302
143
667
600
240
600
53
607
371
346
348
956
641
498
856
455
753
972
82
396
570
402
556
446
562
215
360
225
595
206
743
69
960
485
594
316
992
378
286
128
574
88
920
543
60
528
663
220
278
741
7
41
470
127
645
512
5
499
194
828
286
533
659
195
288
394
922
32
377
882
132
714
150
545
927
641
546
832
770
136
146
99
138
245
524
171
558
833
500
878
843
433
291
151
806
297
945
295
701
661
48
343
281
472
160
44
690
949
715
473
964
27
7
606
510
144
768
553
624
663
411
121
179
537
41
282
713
976
779
618
155
34
217
630
172
331
65
60
435
290
484
826
775
802
912
290
6
268
63
660
127
279
562
469
462
557
0
247
123
649
570
731
97
643
134
651
196
181
53
806
447
144
128
367
958
595
576
863
895
536
573
722
626
510
973
105
324
34
664
413
590
436
503
210
715
100
608
157
288
261
182
700
919
646
428
415
274
94
444
31
22
521
493
275
633
944
801
418
252
963
624
518
823
66
220
368
48
941
750
740
862
772
501
102
422
586
460
123
705
217
359
182
886
453
847
962
672
925
663
270
375
665
975
136
338
969
768
932
47
825
232
89
286
468
196
374
851
881
395
960
243
964
567
175
93
954
957
997
281
351
107
993
410
649
169
418
605
386
915
891
982
332
27
475
472
863
384
821
270
100
174
756
630
826
303
604
369
298
709
700
213
617
85
597
450
814
694
352
106
326
303
914
764
435
407
740
282
755
907
422
805
2
830
658
823
53
206
210
554
888
760
966
972
399
270
93
706
980
68
237
69
549
36
140
159
495
469
829
121
438
213
424
751
675
163
912
55
451
314
532
600
309
121
527
538
665
212
170
502
827
907
6
206
634
414
918
578
528
81
997
817
290
745
753
991
919
542
341
783
314
392
991
577
9
312
427
174
140
181
252
808
690
592
900
711
656
871
63
747
207
205
134
4
648
606
67
521
132
158
607
938
758
605
270
934
622
941
608
829
309
383
441
177
90
69
999
788
443
303
339
569
330
837
175
535
406
305
441
453
636
711
209
733
389
49
736
232
905
653
524
258
206
157
104
279
409
113
959
863
381
802
975
270
881
269
628
478
478
810
477
810
668
520
488
598
573
18
487
624
5
657
266
640
626
306
22
163
949
268
540
369
877
333
674
452
702
358
899
447
537
754
662
931
327
147
357
444
227
737
567
429
259
457
235
960
652
825
447
523
872
169
339
491
830
584
83
364
559
261
910
741
545
703
13
538
635
245
570
462
294
829
222
557
595
861
933
155
592
849
101
107
54
487
1
894
692
176
53
838
606
226
216
199
486
154
224
467
0
31
719
792
208
380
440
766
392
501
703
648
106
237
181
575
707
927
332
460
674
131
439
85
654
478
684
618
101
800
461
200
226
226
235
853
220
880
145
458
629
43
462
398
815
986
292
963
221
284
387
879
275
667
769
437
168
125
546
67
687
468
568
537
298
909
390
281
812
9
474
151
994
721
436
322
361
285
308
630
382
391
859
999
17
196
782
333
210
786
817
837
294
450
652
924
798
927
28
461
280
649
295
212
508
798
752
83
473
524
45
845
366
643
275
474
915
271
686
333
822
638
409
696
471
230
236
450
757
222
836
787
151
815
156
389
380
630
313
825
841
757
259
725
266
732
741
442
800
432
897
107
639
687
278
960
845
431
842
262
805
240
333
874
769
246
340
809
472
611
129
232
441
968
445
503
568
650
198
993
998
825
566
238
956
711
221
362
273
136
935
415
19
519
885
816
706
354
74
183
771
165
578
418
806
72
302
526
884
953
901
757
858
589
258
97
719
314
139
447
637
359
921
813
74
632
163
251
352
680
320
133
920
813
552
31
693
654
472
523
480
495
469
583
15
263
539
498
533
663
771
710
632
515
942
741
359
979
473
770
590
760
982
603
219
103
107
208
150
756
335
69
808
959
364
68
131
319
180
570
127
696
163
392
184
746
614
599
329
994
166
446
326
794
169
176
356
156
80
298
41
558
211
388
179
796
621
292
623
421
897
90
150
443
207
751
244
799
964
902
418
676
697
363
18
120
467
556
413
118
411
930
195
699
628
285
565
19
584
80
459
640
609
421
642
702
423
256
578
942
548
278
392
321
358
620
620
65
662
293
388
234
880
951
728
16
113
950
586
740
231
270
840
501
239
833
34
366
582
394
445
49
808
472
468
525
17
264
370
95
751
113
937
250
367
954
306
218
609
210
256
304
852
655
44
201
122
446
676
96
886
867
862
724
714
344
988
711
384
358
531
135
466
267
311
271
803
278
93
739
527
221
246
682
570
300
54
601
595
967
45
648
48
652
136
701
650
396
417
337
268
713
123
245
954
711
213
172
484
13
273
941
16
777
880
82
89
493
195
757
668
275
273
13
154
684
125
709
736
453
675
424
526
353
458
950
622
456
734
390
15
730
849
592
168
523
343
73
213
796
23
393
92
573
146
74
126
169
652
80
299
983
538
292
647
585
128
967
561
155
91
661
374
479
520
655
546
753
537
993
588
724
382
693
558
705
108
216
462
536
884
143
607
835
441
824
166
663
227
149
63
582
423
285
844
593
336
286
387
605
692
2
431
804
401
241
494
366
463
389
499
222
689
621
930
706
473
200
721
386
394
80
162
885
258
125
812
352
574
781
935
337
490
570
800
311
440
556
269
631
698
575
146
885
755
908
951
410
377
903
318
240
503
212
830
62
250
343
979
789
532
158
369
583
208
189
328
740
678
83
194
690
692
115
420
191
522
120
616
140
759
976
481
255
240
986
244
967
504
870
410
471
62
106
347
564
840
453
752
591
311
202
849
849
717
118
175
557
990
514
23
675
409
25
631
410
317
246
324
356
985
259
483
397
777
447
728
409
708
720
381
119
772
487
957
259
695
995
574
881
380
540
533
966
509
959
231
699
940
769
662
576
311
569
678
838
308
258
581
100
585
178
366
58
568
179
509
724
945
716
150
278
206
578
921
284
894
451
118
597
600
996
852
350
761
421
49
811
47
490
180
731
105
49
961
624
439
185
910
420
700
816
745
407
534
679
225
284
526
535
699
592
77
563
901
782
734
1000
492
819
675
554
6
246
89
383
463
781
413
609
563
582
322
130
305
878
922
348
164
733
553
542
693
124
912
304
817
561
818
788
739
110
422
262
544
236
217
528
806
770
805
483
816
619
565
793
85
311
214
498
662
777
717
309
186
175
398
454
815
757
724
568
362
152
484
621
422
405
353
868
701
520
686
773
221
54
100
497
977
549
753
704
113
413
946
29
104
946
387
179
788
818
556
952
245
953
874
836
537
572
224
347
24
237
152
845
806
733
255
240
382
973
693
533
121
17
824
931
685
117
751
576
362
572
336
582
902
206
98
776
727
140
476
741
901
609
325
792
799
406
219
315
870
387
951
158
760
348
796
539
1
120
118
201
904
167
479
667
893
153
747
714
772
690
411
122
354
807
874
106
640
945
365
109
51
669
935
479
44
480
755
210
498
131
880
15
926
399
789
449
884
718
841
645
188
119
722
68
720
13
433
213
505
64
458
248
114
852
870
325
463
665
192
68
663
338
239
643
204
438
459
262
111
633
751
970
701
708
490
779
169
630
457
469
980
865
653
716
614
43
740
665
239
473
47
328
353
884
897
170
727
573
871
475
921
53
340
17
973
378
190
488
449
333
685
159
389
293
229
265
415
772
289
454
746
122
593
242
471
922
311
83
889
411
263
491
227
944
493
578
141
373
480
198
942
17
822
502
56
207
182
8
487
373
545
522
883
206
79
359
818
353
20
597
355
1
799
540
522
952
386
313
81
582
879
5
542
62
919
647
191
519
575
295
373
606
563
424
966
377
88
792
707
562
263
530
731
445
27
681
667
270
950
876
341
7
828
305
43
856
725
408
266
51
448
304
192
37
416
115
46
990
387
953
353
679
361
959
562
756
893
478
566
780
139
320
945
32
155
790
22
535
73
61
697
742
909
308
694
449
206
748
117
189
870
80
752
581
127
93
399
529
992
322
758
902
933
100
118
625
347
716
951
454
554
285
369
377
44
818
676
579
789
876
907
31
614
449
528
365
666
77
202
271
841
168
561
275
861
665
830
396
15
109
345
717
251
686
114
124
274
702
507
232
573
777
87
685
293
632
885
404
834
250
934
812
555
270
192
286
682
593
455
75
692
620
298
700
66
335
497
264
200
865
929
640
728
131
272
906
32
499
334
553
781
350
232
355
962
181
384
805
974
665
373
238
562
870
270
471
658
171
24
195
817
242
252
311
179
552
339
623
817
279
491
884
678
109
3
755
221
752
767
447
805
324
168
578
939
105
561
639
178
863
677
692
774
865
633
234
670
315
582
86
549
442
809
483
454
601
35
445
207
397
280
842
4
212
370
696
792
341
516
29
334
5
638
116
847
61
797
148
908
159
763
661
263
283
583
181
324
151
648
508
126
358
440
835
483
370
241
513
7
155
847
952
118
599
36
740
730
930
575
271
416
224
116
619
173
928
946
294
531
490
570
609
634
384
127
18
113
830
723
332
335
425
106
460
16
103
1
417
510
660
107
306
479
111
349
557
357
5
339
619
335
12
535
60
510
580
536
0
587
230
757
836
445
592
158
889
804
114
340
386
928
743
906
496
667
822
845
712
811
767
310
228
759
46
954
21
191
818
699
337
826
938
699
553
661
394
967
523
276
218
328
996
115
435
788
510
42
554
724
438
923
706
980
416
109
643
970
33
771
272
485
600
564
982
167
660
699
134
338
396
991
875
717
712
595
356
412
820
222
170
311
939
735
404
101
690
984
726
673
752
466
945
342
635
300
325
461
920
665
150
651
288
54
1
195
380
545
889
807
588
582
468
141
63
682
482
946
101
473
681
356
682
414
397
83
715
286
595
84
737
54
606
390
991
68
184
929
430
63
984
512
518
784
438
691
509
587
385
150
920
689
823
52
708
144
230
832
650
63
882
14
101
815
965
348
250
187
205
284
468
373
152
499
1
983
0
699
89
461
594
724
896
561
869
999
361
576
75
552
0
197
676
962
650
958
989
422
87
57
776
105
152
89
206
989
235
152
216
56
998
907
153
186
792
249
733
108
490
282
924
45
279
275
397
788
868
476
740
82
7
615
745
439
53
481
992
836
843
495
870
652
276
716
405
960
855
200
788
300
590
493
533
954
275
907
930
882
884
959
106
171
732
81
953
540
326
3
445
732
985
764
674
584
348
69
255
775
78
883
279
166
5
830
226
492
731
461
292
48
415
913
12
308
261
439
374
605
770
442
539
947
42
736
483
891
14
538
910
199
937
53
443
301
725
568
361
716
193
123
963
562
820
973
679
747
75
426
181
832
297
33
545
55
409
948
875
817
399
614
871
379
652
701
388
977
324
373
650
784
901
44
88
433
779
223
155
51
140
600
477
95
675
139
296
6
959
958
826
876
799
650
470
561
932
154
682
936
20
303
48
164
837
190
746
350
411
80
791
152
164
481
296
7
780
776
190
848
50
611
513
726
831
181
810
566
756
449
89
393
884
334
869
165
998
22
944
737
627
143
969
763
344
406
338
857
136
616
660
411
788
42
777
498
21
875
82
322
60
432
510
241
97
835
190
729
862
819
620
697
775
934
899
228
149
1
500
197
117
722
964
895
23
349
655
324
482
46
251
800
793
976
307
639
489
563
923
44
389
84
380
597
258
567
91
205
738
591
342
733
213
812
130
601
622
712
850
13
971
672
373
868
382
446
774
890
209
667
273
734
819
615
290
218
392
346
353
716
812
111
625
164
290
467
547
878
135
332
996
317
562
850
6
175
5
762
868
302
314
215
485
665
342
491
83
811
340
699
57
95
287
727
508
403
804
980
105
176
657
379
658
517
508
866
72
476
321
598
214
653
978
670
892
608
895
554
893
98
381
501
610
250
830
361
610
302
114
239
524
52
764
363
334
779
379
129
255
627
267
920
164
398
693
142
597
904
694
666
313
11
909
697
242
194
854
755
219
449
170
57
822
371
987
28
451
266
658
443
808
59
466
448
942
466
127
612
534
942
642
714
604
688
960
947
754
41
989
876
554
373
566
635
579
837
923
140
367
353
143
527
543
250
349
930
757
254
799
766
668
742
447
607
223
734
894
767
445
219
140
245
761
78
742
562
676
523
334
15
373
885
547
229
574
103
770
661
698
367
73
894
793
163
243
806
294
702
979
865
241
727
700
409
657
508
257
616
291
281
256
731
159
645
429
52
313
510
861
169
307
619
435
671
737
849
705
0
869
877
332
804
570
933
9
670
252
341
783
433
433
599
0
119
142
364
200
418
735
256
763
534
328
27
275
489
893
70
989
700
669
489
187
69
423
780
483
618
490
467
371
307
877
538
304
304
406
299
180
876
378
972
838
591
638
83
41
809
214
942
468
375
140
973
155
274
622
521
692
600
978
714
188
450
962
467
710
695
169
329
8
628
549
61
929
730
576
484
619
535
957
885
61
580
599
501
436
214
754
307
15
255
254
382
253
937
121
127
713
193
907
125
235
5
650
834
891
836
146
133
687
233
406
426
106
624
825
923
399
811
504
805
522
241
55
244
490
761
292
831
556
992
701
37
731
787
114
902
61
812
550
407
359
63
944
402
750
580
526
823
208
641
321
313
82
976
48
14
146
836
239
467
228
567
92
92
539
348
942
457
525
119
654
623
809
900
719
283
355
539
79
994
730
410
752
177
729
165
35
144
113
672
292
292
468
893
87
583
760
250
427
528
850
709
993
835
852
947
711
582
504
882
55
434
620
739
844
641
831
271
811
24
132
230
812
608
760
757
558
214
401
178
431
512
615
555
824
39
684
860
195
653
318
12
692
350
446
173
3
725
177
312
302
991
59
597
727
819
70
649
106
222
589
210
113
115
883
186
14
438
615
686
483
219
875
93
157
419
626
852
408
292
574
59
373
643
659
248
524
436
850
668
734
461
295
872
195
622
933
624
949
971
542
332
243
46
997
838
818
260
218
98
796
840
569
48
345
731
753
314
729
278
294
143
374
315
875
21
168
151
585
175
356
519
6
154
383
7
519
189
438
229
605
365
469
641
196
833
205
266
71
585
692
3
347
898
419
111
795
967
882
459
350
438
956
169
662
371
904
75
495
909
982
624
78
552
766
342
500
785
342
678
460
501
64
110
966
98
401
384
641
141
955
813
279
236
865
483
278
119
370
272
254
512
339
214
779
625
114
897
9
242
609
657
614
366
529
463
323
615
46
872
845
369
833
116
376
478
136
961
743
929
115
250
814
279
602
239
225
266
714
891
468
359
784
42
342
671
865
444
76
396
540
787
750
395
732
583
657
33
281
368
53
982
301
707
999
508
996
354
525
282
62
694
163
311
316
943
101
291
353
333
893
887
207
284
19
354
697
794
884
857
684
358
591
324
389
711
321
316
204
476
428
136
749
306
806
505
585
404
665
765
368
986
925
552
568
518
962
506
334
641
304
865
717
846
585
716
402
373
306
48
848
203
534
152
400
509
176
898
898
152
246
484
848
563
333
147
70
790
263
297
551
588
380
55
626
689
380
511
663
439
489
339
945
131
354
367
937
246
744
0
232
443
853
297
499
70
235
185
363
935
196
298
285
736
382
658
648
217
230
721
528
699
361
844
237
7
452
415
582
713
992
552
289
415
662
173
594
142
288
465
964
197
414
737
572
962
3
186
153
703
444
278
713
576
687
978
874
106
568
852
650
266
882
845
908
738
172
209
230
197
101
546
646
559
949
229
949
515
478
180
714
889
506
502
170
274
716
972
665
852
762
622
961
44
391
664
855
493
794
688
541
19
34
273
319
681
417
314
308
217
260
730
296
990
956
107
949
367
179
287
885
668
473
325
424
555
449
81
97
499
520
16
958
703
455
251
825
487
346
655
317
995
283
891
863
162
506
195
656
264
290
673
206
186
786
954
989
612
260
459
267
516
254
257
5
448
216
374
200
315
111
569
202
81
760
534
244
36
721
53
674
953
541
899
500
981
368
152
899
136
515
179
190
777
690
394
448
292
918
290
883
975
677
767
756
820
119
556
734
710
12
567
475
258
903
24
567
95
535
960
490
889
912
120
625
247
491
5
673
112
110
202
38
10
176
877
802
122
538
610
291
961
441
805
564
579
302
602
140
47
185
332
872
465
840
711
731
44
580
121
835
95
155
808
966
647
67
655
258
7
677
371
806
303
383
225
748
685
207
1
618
560
598
87
449
511
494
404
129
816
850
897
653
532
362
90
162
841
185
511
548
67
205
540
98
721
392
680
395
387
38
556
595
564
696
964
719
566
757
146
842
618
719
876
881
552
526
56
55
494
12
777
187
469
13
367
187
878
871
938
171
605
757
947
65
930
722
356
951
954
790
435
350
248
44
259
100
860
718
472
739
245
613
643
725
219
267
334
490
171
541
631
574
358
279
552
753
266
830
46
240
628
498
527
540
708
268
434
191
529
491
389
32
142
433
222
539
691
85
208
356
471
831
840
867
712
1
570
515
390
758
477
451
588
478
233
755
675
684
853
863
411
617
149
362
768
769
282
39
569
598
576
862
61
694
242
408
632
599
220
669
321
889
211
808
204
396
589
741
361
228
210
60
729
613
586
144
583
560
450
203
849
949
722
953
490
520
436
59
597
228
480
937
290
190
735
36
154
342
187
911
859
218
271
622
809
540
557
198
584
862
69
39
420
234
747
772
247
21
938
305
455
528
351
234
997
274
189
959
956
682
640
668
791
291
248
622
284
882
737
537
441
313
814
648
958
560
41
923
501
822
862
606
158
622
386
407
611
870
577
427
494
531
583
286
929
993
478
962
367
398
763
576
767
200
278
902
235
519
488
146
685
596
35
306
969
642
368
235
720
552
83
595
701
219
147
502
574
456
958
845
634
597
355
191
442
187
241
500
400
713
994
643
645
462
620
730
251
470
632
162
172
279
286
443
612
91
280
716
912
721
334
566
975
467
465
662
758
259
79
174
111
225
751
280
493
855
488
821
418
205
269
830
496
123
155
988
99
974
421
996
392
149
384
658
380
747
326
991
742
310
88
753
191
890
242
855
489
591
111
291
40
958
926
543
690
535
311
806
613
173
563
870
674
483
802
14
682
391
201
50
99
348
218
565
245
491
913
363
895
336
615
153
944
587
741
805
224
552
771
39
705
278
930
534
89
371
674
561
756
897
636
444
802
970
812
771
980
621
820
934
175
933
310
247
851
903
141
519
512
857
201
866
503
825
823
113
240
522
5
258
376
448
671
908
232
676
600
356
205
559
455
159
6
9
369
713
527
258
46
316
437
243
663
287
707
629
245
400
611
549
400
158
362
506
165
168
511
292
236
813
43
861
656
827
270
108
618
722
110
960
459
697
355
358
872
77
123
459
813
383
478
919
644
613
372
16
942
562
701
551
498
725
454
567
490
124
52
149
805
540
309
589
609
889
300
494
198
103
131
359
573
981
535
211
180
743
168
669
903
412
863
37
84
241
766
933
46
173
179
638
802
939
410
946
751
783
304
526
138
264
213
859
923
778
678
386
843
27
558
373
446
446
208
448
83
749
87
756
233
288
886
458
874
44
801
314
691
941
816
709
374
23
429
701
486
292
543
255
589
449
246
579
995
54
215
862
446
788
427
790
921
451
941
877
469
490
178
517
728
382
810
944
182
409
410
173
439
971
706
271
564
820
984
427
990
357
300
942
837
606
305
267
62
840
994
6
161
265
612
67
449
998
413
716
291
216
628
516
188
456
214
210
36
512
360
331
427
609
90
996
780
77
408
227
576
770
225
78
651
130
742
755
467
200
485
625
553
334
923
716
220
58
322
21
668
937
538
190
533
523
416
711
192
844
938
870
194
810
229
967
88
142
519
585
677
479
95
918
477
686
915
507
517
19
758
239
37
330
316
385
819
954
583
359
910
107
726
199
411
873
335
865
220
924
263
314
208
844
783
157
433
759
122
370
818
511
188
247
117
962
535
43
351
212
100
594
159
639
183
174
5
124
815
143
977
187
869
707
267
910
27
349
504
337
845
270
413
369
489
341
269
667
613
305
686
809
951
447
293
240
292
764
252
869
676
490
680
888
333
12
29
18
785
288
636
771
749
183
88
630
272
663
774
578
599
527
406
652
57
536
379
805
138
687
977
340
604
239
777
71
701
698
748
444
478
679
899
705
341
303
447
257
354
207
774
392
587
80
381
583
817
387
286
734
120
877
499
235
285
310
165
350
381
770
170
595
474
605
814
87
173
835
320
883
496
347
864
368
42
286
503
639
831
376
126
519
2
546
956
385
348
795
74
102
361
927
541
606
346
735
762
428
431
203
826
334
194
838
965
535
473
273
420
259
173
732
345
688
595
860
714
83
364
844
181
536
732
139
445
278
669
854
45
534
872
578
636
104
359
280
983
15
756
596
73
607
861
58
306
594
606
994
424
552
373
248
290
423
626
600
172
80
429
390
92
777
566
407
651
618
428
660
886
964
607
347
422
984
380
78
295
361
995
138
294
418
155
182
862
568
814
40
92
410
351
623
249
827
214
356
56
496
255
808
358
101
788
838
450
885
691
156
192
206
147
434
23
503
429
669
10
339
371
617
804
126
98
475
990
654
301
308
596
760
162
937
682
444
958
127
902
738
960
716
594
116
967
300
68
822
859
110
713
670
217
290
191
226
338
925
974
53
677
687
236
627
682
376
587
310
556
287
539
902
27
615
426
905
723
108
440
795
105
495
657
260
843
448
694
165
415
125
718
595
30
606
500
512
814
833
664
108
127
341
948
402
4
771
331
685
262
772
436
301
777
719
132
434
106
545
980
803
878
345
665
935
894
985
931
965
769
598
159
488
317
589
936
724
413
8
547
131
532
891
317
355
154
530
79
491
916
727
3
720
750
172
642
503
840
165
567
260
226
610
978
457
348
551
340
489
774
268
966
957
792
875
692
700
787
526
360
86
808
885
272
374
788
369
608
291
76
32
263
77
809
921
409
55
753
20
546
782
288
811
666
699
405
553
133
742
164
949
964
175
101
660
788
946
900
17
231
385
386
953
369
288
345
431
667
888
694
482
698
615
627
69
851
929
307
299
767
26
720
153
533
747
13
967
573
282
521
847
514
108
861
509
520
432
666
690
826
858
648
225
965
404
197
330
851
519
541
703
739
352
357
84
366
354
276
146
676
897
765
697
115
143
961
564
376
244
749
91
143
166
663
963
272
25
83
463
915
434
720
368
957
125
717
326
153
377
785
343
695
233
954
526
139
206
721
932
90
863
102
884
5
579
891
215
98
22
844
512
213
670
300
113
613
743
116
846
238
967
951
656
724
198
614
406
557
313
751
968
632
619
383
222
452
160
325
454
416
603
240
842
778
260
45
37
926
739
345
194
357
834
816
197
879
97
9
258
459
306
29
981
730
306
248
584
177
537
532
900
13
702
508
195
293
64
353
924
134
842
399
568
901
522
735
825
562
168
346
650
127
798
313
25
870
326
563
354
3
635
181
784
910
860
353
699
632
242
931
98
236
977
747
747
914
607
166
348
937
580
301
263
494
229
259
171
827
598
131
503
936
944
989
556
410
873
159
324
996
515
59
108
517
206
60
423
304
961
140
857
981
433
760
893
619
604
570
704
662
385
233
647
842
723
302
412
107
674
783
426
302
639
390
509
551
317
223
606
693
287
795
185
373
22
546
920
954
960
785
921
667
939
881
251
509
853
781
562
353
864
77
472
329
198
618
73
140
498
586
216
768
323
308
652
138
45
223
637
604
899
547
867
950
915
237
632
379
190
186
167
523
766
48
47
776
813
807
589
904
134
445
759
198
101
497
791
266
661
561
184
860
320
342
539
110
163
994
278
756
213
591
932
14
106
702
584
200
928
595
59
219
11
830
385
982
752
484
680
562
162
536
81
609
688
963
214
303
199
521
470
394
169
906
776
512
544
247
690
613
24
460
29
223
641
715
93
566
170
231
85
326
570
329
435
658
29
39
648
441
737
395
664
641
605
411
839
460
666
105
764
619
881
720
470
868
937
279
1000
262
554
543
47
411
306
597
260
470
140
576
610
459
889
398
427
297
160
695
800
590
256
635
113
537
371
999
890
69
477
439
598
300
455
795
355
161
988
198
892
162
174
882
822
50
230
51
651
23
979
186
293
390
237
199
426
755
870
557
282
564
302
788
233
564
402
732
282
211
633
939
841
715
525
842
19
724
737
816
398
135
296
154
965
373
254
571
974
372
848
436
123
844
118
654
895
800
546
144
51
216
988
356
671
26
209
710
948
957
580
624
320
868
650
704
677
605
620
792
409
617
72
573
636
688
299
577
155
941
72
191
961
121
196
197
122
180
747
49
306
38
127
351
179
582
608
253
835
114
314
578
29
105
81
420
790
106
677
32
235
305
199
342
462
364
71
415
255
328
487
263
71
284
149
609
385
296
568
852
530
276
511
589
187
847
34
596
36
189
222
501
203
609
239
167
81
669
622
904
774
864
76
859
437
504
345
216
932
418
963
593
133
696
316
750
144
33
67
967
577
522
365
875
243
953
7
815
770
48
49
826
232
249
461
915
609
55
612
667
192
9
50
678
497
1000
237
133
806
984
202
827
623
712
732
46
183
624
678
535
15
275
227
224
829
130
150
352
9
796
775
458
656
54
861
879
691
103
243
343
871
407
434
721
74
653
85
588
171
508
458
154
529
143
424
675
348
74
218
402
340
658
329
29
189
131
780
72
326
946
968
866
473
668
119
94
638
734
386
804
267
939
326
70
764
204
639
427
219
244
506
926
254
280
435
289
777
270
965
976
967
221
977
718
70
787
646
700
972
897
788
473
377
845
881
789
659
829
269
941
721
987
213
97
417
113
976
355
251
625
869
349
190
915
765
330
763
173
967
129
218
841
111
788
525
607
961
120
163
614
910
410
246
39
310
398
506
368
710
552
561
743
511
588
790
33
763
131
503
630
595
551
62
552
846
939
113
465
764
514
712
712
822
709
568
799
799
210
150
809
385
144
563
351
471
662
101
608
326
230
885
141
818
233
873
41
938
58
394
846
254
460
482
296
196
443
310
781
304
694
259
162
884
663
434
514
632
583
885
690
747
207
89
291
12
287
565
813
1
19
0
770
965
554
873
33
156
429
741
428
692
113
691
502
287
789
733
272
434
529
439
91
980
847
413
847
590
132
740
921
318
633
681
445
985
965
558
879
21
690
713
568
656
102
583
867
342
466
396
998
357
928
814
912
912
673
796
965
525
558
274
444
100
918
295
999
708
968
695
606
511
718
724
689
452
809
819
846
989
52
476
984
706
370
10
536
892
148
292
194
91
660
795
486
20
98
821
888
88
881
658
684
541
683
385
665
637
546
237
53
837
907
875
707
555
961
40
845
402
417
807
739
127
377
409
907
150
139
616
286
852
921
97
404
224
759
897
763
63
405
686
596
690
64
873
242
338
705
929
271
391
150
360
458
768
749
443
588
497
944
886
227
78
349
884
340
809
58
98
171
149
848
291
663
284
298
133
584
992
916
655
742
202
433
352
336
182
392
763
702
996
623
218
401
620
3
633
35
3
167
213
200
611
642
868
407
490
587
166
380
280
480
472
469
645
822
297
279
899
761
190
706
779
758
48
887
891
351
709
375
450
613
48
85
729
663
241
533
171
852
334
407
798
127
855
956
191
344
825
583
685
884
291
288
378
138
458
950
870
908
222
210
718
394
790
182
816
359
986
770
327
750
908
359
378
688
550
195
247
706
943
933
666
628
646
954
790
290
112
715
568
291
30
211
783
982
5
508
750
284
420
868
416
882
6
588
477
567
997
1
883
878
247
936
263
968
316
699
409
887
589
229
826
696
947
272
75
788
110
995
234
828
84
602
299
316
339
304
317
274
908
149
364
243
240
58
407
448
581
810
826
132
782
400
518
151
56
110
433
432
902
702
10
163
58
504
33
597
784
170
424
99
11
233
890
923
11
219
382
190
263
597
564
642
232
583
81
796
196
931
415
535
290
346
116
624
846
395
343
945
807
443
148
495
721
134
324
978
28
195
774
419
135
389
77
505
596
261
517
72
683
496
454
394
36
33
887
591
756
383
146
313
724
566
141
429
993
432
727
207
877
686
198
934
720
279
219
809
643
307
125
533
53
794
974
515
548
524
17
16
50
804
293
868
759
107
350
768
0
319
559
350
252
985
840
373
550
171
572
792
257
986
504
300
118
895
2
136
814
235
177
490
742
75
301
241
724
555
24
422
666
215
8
619
970
366
178
478
377
940
853
956
441
744
815
337
173
570
826
178
735
709
924
113
585
583
616
745
542
524
976
143
391
300
133
433
486
701
522
772
699
5
237
215
572
893
519
710
260
201
601
293
797
673
787
152
350
788
619
428
48
813
312
784
329
304
983
151
315
513
213
941
292
345
572
221
881
927
374
797
374
869
209
344
599
715
656
388
760
386
617
810
133
818
973
508
906
247
743
873
674
985
894
448
354
900
896
98
712
200
706
77
316
206
670
397
388
344
455
500
812
357
117
351
861
118
399
850
973
112
795
164
304
951
769
866
155
691
121
175
318
726
397
342
575
134
463
994
993
195
934
477
989
970
762
986
614
687
658
914
452
964
186
272
389
374
606
600
388
704
680
724
11
698
370
14
918
68
469
614
888
351
615
618
991
987
183
323
689
149
316
383
424
360
427
913
696
136
737
636
289
7
610
222
8
910
372
299
328
710
294
476
398
493
845
590
792
723
150
240
963
257
245
513
42
147
161
276
106
246
999
59
309
898
411
151
379
337
185
767
803
314
683
475
228
956
272
635
851
250
363
290
695
683
403
192
881
931
760
22
618
897
848
531
650
960
515
401
572
349
156
830
820
836
572
242
668
996
107
99
846
665
453
499
994
226
51
89
321
866
995
224
871
140
986
288
992
330
17
130
886
704
929
474
339
839
835
351
179
523
595
637
728
87
513
832
143
132
954
509
434
339
305
220
93
953
730
935
293
374
211
645
262
814
711
526
336
854
4
376
548
46
544
743
670
923
771
257
952
719
762
62
566
288
590
26
155
697
378
119
204
746
792
252
967
483
272
383
264
697
80
304
673
523
590
281
117
600
916
893
933
276
101
201
545
940
680
396
514
129
112
861
912
650
177
729
701
172
155
816
61
209
195
594
362
299
138
894
206
779
304
382
918
963
957
952
420
748
805
757
534
189
356
751
559
521
660
532
694
732
994
635
680
518
944
706
9
849
159
123
351
463
222
51
119
56
80
708
778
984
394
275
639
414
623
221
563
83
257
322
878
931
452
24
551
510
852
510
387
566
449
291
711
623
888
164
603
289
585
175
160
413
542
325
687
259
730
278
826
610
917
29
240
666
28
475
854
93
846
351
855
971
839
86
662
780
185
990
339
251
555
896
120
88
65
749
860
102
522
768
465
604
723
729
413
489
722
582
987
731
313
45
945
767
459
776
595
212
459
735
355
189
700
517
431
351
393
69
718
446
413
902
879
122
222
762
409
606
891
779
624
848
574
142
245
518
266
727
647
489
455
551
118
7
760
998
874
34
942
808
672
447
907
410
413
243
155
617
826
349
190
812
658
951
82
78
519
713
255
353
172
935
115
590
887
996
778
131
244
261
527
901
306
390
482
186
960
70
400
51
905
973
782
57
993
777
755
347
112
490
979
967
537
163
49
680
355
369
93
84
26
176
165
812
996
743
772
165
626
196
295
762
473
384
183
409
13
143
969
60
490
852
557
394
327
812
60
388
543
465
873
67
245
682
272
892
25
365
116
861
738
35
847
652
266
352
213
923
326
569
707
864
492
987
878
96
667
273
355
958
845
12
319
393
408
498
722
18
60
977
480
151
633
494
254
97
607
96
722
435
76
653
208
76
76
204
923
108
371
230
864
365
37
927
934
478
975
576
58
219
350
12
862
491
925
766
386
417
196
696
860
149
363
487
584
491
315
740
970
305
530
124
389
798
748
983
307
522
948
149
755
787
524
239
292
175
917
802
39
663
586
887
869
581
32
452
141
842
129
216
599
133
189
949
725
913
717
610
540
885
813
746
952
691
590
607
897
807
924
106
679
567
236
59
25
348
206
688
647
599
352
648
423
882
197
188
802
574
65
160
822
442
269
381
248
373
409
458
834
357
272
944
229
862
928
259
376
910
962
621
741
705
398
703
145
943
94
884
745
59
28
374
378
704
34
361
647
482
954
53
297
108
242
69
283
958
87
658
590
30
857
700
316
249
800
441
242
15
429
37
346
439
222
119
997
754
304
545
80
137
578
252
572
711
389
56
833
999
254
84
103
113
256
398
610
853
468
579
281
908
235
262
860
935
848
183
28
986
21
19
944
667
750
361
979
124
753
237
861
74
555
283
388
337
684
681
113
78
428
222
862
997
292
875
939
500
485
743
595
161
143
158
766
337
54
815
134
148
590
701
959
743
288
130
745
253
469
597
721
164
823
396
356
503
129
3
904
35
359
896
175
618
314
625
538
419
188
701
486
686
699
90
706
772
76
888
299
249
423
423
726
353
170
253
22
749
284
274
66
439
14
337
752
531
985
839
183
596
230
500
779
685
831
806
84
133
182
268
687
288
312
723
148
826
843
335
827
366
721
863
344
21
908
476
400
652
557
244
760
284
108
82
528
993
748
6
8
271
457
318
630
907
178
819
411
238
325
370
626
826
738
440
380
833
341
316
967
833
184
837
51
641
866
237
605
969
168
404
320
839
660
266
890
12
811
588
866
185
482
210
779
970
793
228
485
126
736
48
388
239
763
842
775
967
189
