659
173
245
460
32
613
231
590
883
171
99
477
971
845
33
419
634
765
340
159
474
623
185
626
259
387
292
481
213
79
356
412
601
741
492
496
277
862
321
743
679
571
36
102
421
922
147
273
36
196
535
56
668
550
934
189
71
729
437
60
10
18
969
459
779
521
224
553
610
595
125
651
324
308
72
716
739
108
679
169
964
428
546
651
217
145
205
867
12
290
921
162
163
326
48
648
743
842
853
794
467
688
943
933
797
749
354
849
778
879
595
126
745
988
649
825
991
196
555
386
206
5
861
876
325
287
719
269
801
224
521
21
204
106
377
629
305
923
974
412
460
800
964
177
934
393
595
777
303
790
906
425
475
1
55
934
273
958
204
363
285
122
54
363
511
322
671
56
79
528
228
432
686
209
902
634
373
769
73
352
805
841
19
411
457
340
568
655
707
218
37
186
550
922
275
117
53
901
577
547
639
721
889
48
686
6
627
493
931
494
249
248
593
299
969
47
815
483
139
1
714
253
387
537
709
407
952
642
96
174
751
381
790
62
664
518
142
920
461
28
760
822
491
538
891
147
930
726
971
350
450
788
510
808
201
166
426
561
55
199
824
570
154
855
566
308
267
477
332
447
38
263
242
198
639
413
313
197
916
379
366
797
450
942
495
660
798
572
862
827
766
171
543
284
325
745
84
142
89
673
248
914
94
172
579
267
478
176
659
86
517
422
468
813
498
771
193
417
330
1
727
46
0
521
487
339
905
841
427
920
726
444
478
208
940
272
727
74
527
248
324
225
163
224
296
111
693
432
522
986
795
711
490
469
617
387
539
60
373
149
757
924
508
299
266
990
724
31
668
124
983
162
153
321
120
431
97
76
337
995
581
306
232
912
380
327
680
967
711
66
50
689
200
367
448
803
777
745
436
934
671
589
307
570
589
172
232
435
674
756
676
579
68
146
49
91
441
996
726
361
668
279
301
697
435
928
821
430
298
523
640
205
497
306
847
763
522
350
708
111
846
656
693
483
130
573
761
955
683
41
498
527
468
711
388
952
696
151
49
771
41
144
2
294
196
311
477
621
969
252
805
552
196
424
576
324
40
216
923
219
195
701
211
531
352
143
354
655
441
312
559
264
606
785
31
658
372
303
752
403
336
308
882
657
595
165
456
629
197
477
461
822
564
402
759
822
424
659
611
550
154
348
981
729
719
390
276
504
591
443
431
483
690
515
137
484
668
918
200
243
183
112
611
707
130
244
31
700
442
165
145
862
137
129
888
571
25
941
187
255
500
29
12
349
480
695
875
898
331
117
353
925
974
382
714
835
55
785
866
843
819
872
45
35
184
192
590
632
829
39
731
611
978
820
197
604
83
441
175
980
523
667
725
279
667
643
948
587
728
452
304
307
358
17
448
54
582
270
74
547
821
263
32
225
717
239
103
496
262
909
758
558
939
393
538
28
549
282
801
419
87
666
859
738
521
940
119
858
966
761
329
595
83
812
738
764
642
907
375
859
907
81
177
211
827
265
223
8
765
253
130
736
835
983
251
157
422
6
139
129
934
524
19
698
355
655
121
638
964
581
338
640
828
713
32
467
932
975
474
435
646
805
368
427
691
155
672
969
566
619
158
39
370
289
548
366
767
59
772
9
444
9
256
432
491
385
558
662
15
880
134
638
118
488
256
394
932
130
992
423
585
274
199
295
452
44
992
486
99
386
643
990
341
74
398
942
222
978
32
83
399
271
785
63
825
416
167
20
59
260
79
420
560
236
592
30
109
383
697
797
60
235
470
498
669
858
972
197
62
670
839
770
155
840
739
743
2
529
522
436
131
87
747
705
432
864
35
920
563
357
419
416
212
95
621
142
525
104
126
402
121
467
729
237
121
1
727
145
809
272
845
520
226
826
14
611
534
282
9
119
790
483
389
106
779
694
40
277
705
758
16
340
219
147
968
18
417
311
742
531
57
920
496
633
180
882
372
645
384
447
627
4
792
147
305
685
899
319
245
533
352
690
470
181
304
315
457
124
452
46
925
71
952
839
680
147
119
330
517
633
361
612
575
490
592
195
812
409
839
357
857
761
573
175
52
471
451
872
935
580
395
888
685
49
822
370
170
124
926
440
353
313
763
330
115
917
32
407
551
593
788
960
70
290
27
214
6
75
182
285
716
100
908
182
371
866
181
478
320
431
35
147
256
5
544
452
614
430
653
491
579
190
55
107
658
466
398
945
311
301
354
55
688
203
997
471
275
34
937
161
583
151
112
319
544
412
519
393
10
129
